1.0727980526567245
1.0727980526567245
0.9412888684598097
0.9412888684598097
0.7332559515600137
0.7332559515600137
0.7332559515600137
0.7332559515600137
0.7332559515600137
0.7332559515600137
0.7332559515600137
0.7332559515600137
0.7332559515600137
0.7332559515600137
0.7332559515600137
0.7332559515600137
0.7332559515600137
0.7332559515600137
0.7332559515600137
0.7332559515600137
0.7332559515600137
0.7332559515600137
0.7332559515600137
0.7332559515600137
0.7332559515600137
0.7332559515600137
0.7332559515600137
0.7332559515600137
0.7332559515600137
0.7332559515600137
0.7332559515600137
0.7332559515600137
0.7332559515600137
0.7332559515600137
0.7332559515600137
0.7332559515600137
0.7332559515600137
0.7332559515600137
0.7332559515600137
0.7332559515600137
0.7332559515600137
0.7332559515600137
0.7332559515600137
0.7332559515600137
0.7332559515600137
0.7332559515600137
0.7332559515600137
0.7332559515600137
0.7332559515600137
0.7332559515600137
0.7332559515600137
0.7332559515600137
0.7332559515600137
0.7332559515600137
0.7332559515600137
0.7332559515600137
0.7332559515600137
0.7332559515600137
0.7332559515600137
0.7332559515600137
0.7332559515600137
0.7332559515600137
0.7332559515600137
0.7332559515600137
0.7332559515600137
0.7332559515600137
0.7332559515600137
0.7332559515600137
0.7332559515600137
0.7332559515600137
0.7332559515600137
0.7332559515600137
0.7332559515600137
0.7332559515600137
0.7332559515600137
0.7332559515600137
0.7332559515600137
0.7332559515600137
0.7332559515600137
0.7332559515600137
0.7332559515600137
0.7332559515600137
0.7332559515600137
0.7332559515600137
0.7332559515600137
0.7332559515600137
0.7332559515600137
0.7332559515600137
0.7332559515600137
0.7332559515600137
0.7332559515600137
0.7332559515600137
0.7332559515600137
0.7332559515600137
0.7332559515600137
0.7332559515600137
0.7332559515600137
0.7332559515600137
0.7332559515600137
0.7332559515600137
