0.5383861332181341
0.5180723947986096
0.502763467046791
0.4946977523053835
0.45964200982778197
0.45964200982778197
0.4562722127260226
0.4562722127260226
0.45557853290533673
0.45557853290533673
0.45557853290533673
0.4551904376662069
0.4551904376662069
0.4551904376662069
0.45240572523434075
0.4515702024263472
0.4515702024263472
0.4515702024263472
0.4515702024263472
0.45132240440650423
0.45132240440650423
0.45132240440650423
0.45045359317041317
0.45045359317041317
0.45045359317041317
0.45045359317041317
0.45045359317041317
0.45045359317041317
0.4466684587660668
0.4435742483834006
0.4435742483834006
0.4435742483834006
0.4435742483834006
0.4435742483834006
0.44259508698231753
0.43046581522134525
0.43046581522134525
0.43046581522134525
0.43046581522134525
0.43046581522134525
0.43046581522134525
0.43046581522134525
0.43046581522134525
0.43046581522134525
0.43046581522134525
0.43046581522134525
0.43046581522134525
0.43046581522134525
0.43046581522134525
0.43046581522134525
0.43046581522134525
0.43046581522134525
0.43046581522134525
0.43046581522134525
0.43046581522134525
0.43046581522134525
0.43046581522134525
0.43046581522134525
0.43046581522134525
0.43046581522134525
0.43046581522134525
0.43046581522134525
0.43046581522134525
0.43046581522134525
0.43046581522134525
0.43046581522134525
0.43046581522134525
0.43046581522134525
0.43046581522134525
0.43046581522134525
0.43046581522134525
0.43046581522134525
0.43046581522134525
0.43046581522134525
0.43046581522134525
0.43046581522134525
0.43046581522134525
0.43046581522134525
0.43046581522134525
0.43046581522134525
0.43046581522134525
0.43046581522134525
0.43046581522134525
0.43046581522134525
0.43046581522134525
0.43046581522134525
0.43046581522134525
0.43046581522134525
0.43046581522134525
0.43046581522134525
0.43046581522134525
0.43046581522134525
0.43046581522134525
0.43046581522134525
0.43046581522134525
0.43046581522134525
0.43046581522134525
0.43046581522134525
0.43046581522134525
0.43046581522134525
