1.0814899588652622
1.1363837260492393
1.0613468614847639
1.3903921027875992
1.5051599510256488
1.126058842187016
0.8825654845303651
1.0785723594199141
1.2835120050699032
1.1194198269299322
1.5609985564755657
1.0259565224070997
1.6228665811855105
0.775957042511081
1.2341176287144957
1.2833765839587175
1.4245106570190993
1.2570512962075446
1.209139971851506
1.13921047407069
1.403406018224274
1.2129244646796153
1.2416061789955302
1.226351333182306
0.9169759147341114
0.9970236054188153
0.8844714115338663
1.1977447323136
1.048647630885022
0.9311049586565758
0.9339280500404821
0.8705095856131274
1.0016120075782242
0.7039152882904505
0.832167901422371
1.0741363850213637
0.9643485012090383
0.9670922484671755
0.8629136056007793
0.8629136056007793
0.8324663618101625
0.8324663618101625
0.8324663618101625
0.8324663618101625
0.8324663618101625
0.8324663618101625
0.8324663618101625
0.8324663618101625
0.8324663618101625
0.8324663618101625
0.8324663618101625
0.8324663618101625
0.8324663618101625
0.8324663618101625
0.8324663618101625
0.8324663618101625
0.8324663618101625
0.8324663618101625
0.8324663618101625
0.8324663618101625
0.8324663618101625
0.8324663618101625
0.8324663618101625
0.8324663618101625
0.8324663618101625
0.8324663618101625
0.8324663618101625
0.8324663618101625
0.8324663618101625
0.8324663618101625
0.8324663618101625
0.8324663618101625
0.8324663618101625
0.8324663618101625
0.8324663618101625
0.8324663618101625
0.8324663618101625
0.8324663618101625
0.8324663618101625
0.8324663618101625
0.8324663618101625
0.8324663618101625
0.8324663618101625
0.8324663618101625
0.8324663618101625
0.8324663618101625
0.8324663618101625
0.8324663618101625
0.8324663618101625
0.8324663618101625
0.8324663618101625
0.8324663618101625
0.8324663618101625
0.8324663618101625
0.8324663618101625
0.8324663618101625
0.8324663618101625
0.8324663618101625
0.8324663618101625
0.8324663618101625
