第一个实验结果（不同权重系数下)
0.1:902 5.12;
0.3:644,6.78
0.5:248,7.23
0.7:221,7.78
0.9:189,8.12

第二个实验结果不同算法下（适应度值）
pso(1500):1.0734263623009148, 0.9728571932500736, 0.8762071589269048, 0.8762071589269048, 0.8033957437229275, 0.7593816518800431, 0.7593816518800431, 0.7593816518800431, 0.7059889510686035, 0.7059889510686035, 0.7059889510686035, 0.7059889510686035, 0.7059889510686035, 0.7059889510686035, 0.7059889510686035, 0.7059889510686035, 0.7059889510686035, 0.7059889510686035, 0.7059889510686035, 0.7005868044407552, 0.7005868044407552, 0.7005868044407552, 0.7005868044407552, 0.7005868044407552, 0.7005868044407552, 0.7005868044407552, 0.7005868044407552, 0.7005868044407552, 0.7005868044407552, 0.7005868044407552, 0.7005868044407552, 0.7005868044407552, 0.7005868044407552, 0.7005868044407552, 0.7005868044407552, 0.7005868044407552, 0.7005868044407552, 0.7005868044407552, 0.7005868044407552, 0.7005868044407552, 0.7005868044407552, 0.7005868044407552, 0.7005868044407552, 0.7005868044407552, 0.7005868044407552, 0.7005868044407552, 0.7005868044407552, 0.7005868044407552, 0.7005868044407552, 0.7005868044407552, 0.7005868044407552, 0.7005868044407552, 0.7005868044407552, 0.7005868044407552, 0.7005868044407552, 0.7005868044407552, 0.7005868044407552, 0.7005868044407552, 0.7005868044407552, 0.7005868044407552, 0.7005868044407552, 0.7005868044407552, 0.7005868044407552, 0.7005868044407552, 0.7005868044407552, 0.7005868044407552, 0.7005868044407552, 0.7005868044407552, 0.7005868044407552, 0.7005868044407552, 0.7005868044407552, 0.7005868044407552, 0.7005868044407552, 0.7005868044407552, 0.7005868044407552, 0.7005868044407552, 0.7005868044407552, 0.7005868044407552, 0.7005868044407552, 0.7005868044407552, 0.7005868044407552, 0.7005868044407552, 0.7005868044407552, 0.7005868044407552, 0.7005868044407552, 0.7005868044407552, 0.7005868044407552, 0.7005868044407552, 0.7005868044407552, 0.7005868044407552, 0.7005868044407552, 0.7005868044407552, 0.7005868044407552, 0.7005868044407552, 0.7005868044407552, 0.7005868044407552, 0.7005868044407552, 0.7005868044407552, 0.7005868044407552, 0.7005868044407552]
psoplus(1500):1.0716151303813501, 0.8543008699445884, 0.8543008699445884, 0.7631353596846542, 0.7631353596846542, 0.7631353596846542, 0.7631353596846542, 0.7631353596846542, 0.7505489643471592, 0.7505489643471592, 0.7505489643471592, 0.7505489643471592, 0.6753211666401924, 0.6753211666401924, 0.6753211666401924, 0.6753211666401924, 0.6753211666401924, 0.6753211666401924, 0.6753211666401924, 0.6753211666401924, 0.6481990936333257, 0.6481990936333257, 0.6481990936333257, 0.6481990936333257, 0.6481990936333257, 0.6481990936333257, 0.6481990936333257, 0.6437900913761367, 0.6384326180399377, 0.6384326180399377, 0.6384326180399377, 0.6384326180399377, 0.6384326180399377, 0.6384326180399377, 0.6384326180399377, 0.6384326180399377, 0.6384326180399377, 0.6384326180399377, 0.6384326180399377, 0.6384326180399377, 0.6384326180399377, 0.6384326180399377, 0.6384326180399377, 0.6384326180399377, 0.6384326180399377, 0.6384326180399377, 0.6384326180399377, 0.6384326180399377, 0.6384326180399377, 0.6384326180399377, 0.6384326180399377, 0.6384326180399377, 0.6384326180399377, 0.6384326180399377, 0.6384326180399377, 0.6384326180399377, 0.6384326180399377, 0.6384326180399377, 0.6384326180399377, 0.6384326180399377, 0.6384326180399377, 0.6384326180399377, 0.6384326180399377, 0.6384326180399377, 0.6384326180399377, 0.6384326180399377, 0.6384326180399377, 0.6384326180399377, 0.6384326180399377, 0.6384326180399377, 0.6384326180399377, 0.6384326180399377, 0.6384326180399377, 0.6384326180399377, 0.6384326180399377, 0.6384326180399377, 0.6384326180399377, 0.6384326180399377, 0.6384326180399377, 0.6384326180399377, 0.6384326180399377, 0.6384326180399377, 0.6384326180399377, 0.6384326180399377, 0.6384326180399377, 0.6384326180399377, 0.6384326180399377, 0.6384326180399377, 0.6384326180399377, 0.6384326180399377, 0.6384326180399377, 0.6384326180399377, 0.6384326180399377, 0.6384326180399377, 0.6384326180399377, 0.6384326180399377, 0.6384326180399377, 0.6384326180399377, 0.6384326180399377, 0.6384326180399377]
psoga:1.033869030299626, 0.9773774553863004, 0.735912573651561, 0.7006645583434039, 0.7006645583434039, 0.7006645583434039, 0.6969320442017928, 0.6969320442017928, 0.6969320442017928, 0.6960153412667602, 0.6702206678784799, 0.6702206678784799, 0.6702206678784799, 0.6702206678784799, 0.6702206678784799, 0.6702206678784799, 0.6702206678784799, 0.6702206678784799, 0.6702206678784799, 0.6702206678784799, 0.6702206678784799, 0.6702206678784799, 0.6702206678784799, 0.6702206678784799, 0.6702206678784799, 0.6702206678784799, 0.6702206678784799, 0.6702206678784799, 0.6702206678784799, 0.6702206678784799, 0.6702206678784799, 0.6702206678784799, 0.6702206678784799, 0.6702206678784799, 0.6702206678784799, 0.6702206678784799, 0.6702206678784799, 0.6702206678784799, 0.6702206678784799, 0.6702206678784799, 0.6702206678784799, 0.6702206678784799, 0.6702206678784799, 0.6702206678784799, 0.6702206678784799, 0.6702206678784799, 0.6702206678784799, 0.6702206678784799, 0.6702206678784799, 0.6702206678784799, 0.6702206678784799, 0.6702206678784799, 0.6702206678784799, 0.6702206678784799, 0.6702206678784799, 0.6702206678784799, 0.6702206678784799, 0.6702206678784799, 0.6702206678784799, 0.6702206678784799, 0.6702206678784799, 0.6702206678784799, 0.6702206678784799, 0.6702206678784799, 0.6702206678784799, 0.6702206678784799, 0.6702206678784799, 0.6702206678784799, 0.6702206678784799, 0.6702206678784799, 0.6702206678784799, 0.6702206678784799, 0.6702206678784799, 0.6702206678784799, 0.6702206678784799, 0.6702206678784799, 0.6702206678784799, 0.6702206678784799, 0.6702206678784799, 0.6702206678784799, 0.6702206678784799, 0.6702206678784799, 0.6702206678784799, 0.6702206678784799, 0.6702206678784799, 0.6702206678784799, 0.6702206678784799, 0.6702206678784799, 0.6702206678784799, 0.6702206678784799, 0.6702206678784799, 0.6702206678784799, 0.6702206678784799, 0.6702206678784799, 0.6702206678784799, 0.6702206678784799, 0.6702206678784799, 0.6702206678784799, 0.6702206678784799, 0.6702206678784799]
random:1.0751564201420782, 1.034982089766498, 1.042321173387201, 1.0666864572736636, 1.068609135709203, 1.050616685135132, 1.0798152770697271, 1.0621358988688505, 1.037578999030208, 1.06334516733352, 1.0316628480968955, 1.0771680223182216, 1.0716539040048279, 1.0549058255086932, 1.035726031024496, 1.0728682991112035, 1.0321077600074189, 1.0494093036442522, 1.0598723837680482, 1.0600180127701442, 1.0781952606294776, 1.0363947795812496, 1.0440740750791693, 1.0422691924425618, 1.034059972413066, 1.048325547977007, 1.031819757481262, 1.043658420904575, 1.0442569712651122, 1.0542954086173848, 1.0591585933218668, 1.0744603268836848, 1.0346791839681997, 1.0557132477521767, 1.0348469731356482, 1.0315750777725525, 1.0547807298807097, 1.051098760351526, 1.0649518799289157, 1.0757368221891044, 1.038999549457864, 1.0551491455880628, 1.0407599709320188, 1.0534091441912037, 1.0590154103966358, 1.065946668736041, 1.0428394016314841, 1.04668531463355, 1.0397518348916301, 1.0612257804325809, 1.0696345230546227, 1.0480607196320673, 1.0443461772507179, 1.0394441584246827, 1.0337851101507882, 1.0619652471748937, 1.068536142164048, 1.0555890084000055, 1.0442438788780677, 1.0364878512261597, 1.0590645326550314, 1.036582504355543, 1.0437823165479432, 1.0363364802919977, 1.0572653349402155, 1.0557900166227139, 1.0403791785479617, 1.0636279418712955, 1.0646331482694298, 1.068188674166642, 1.0374283395931334, 1.0753882713433485, 1.0385517467275722, 1.0478588784638143, 1.0628587108381844, 1.0384896270093507, 1.054625578365427, 1.0541681010562383, 1.0425534386370001, 1.0559979679518363, 1.0476792111592326, 1.0733482765185234, 1.069619999688046, 1.046285964259317, 1.044470533963504, 1.0681904197206065, 1.067715198386931, 1.0590496236266758, 1.04184674672556, 1.0422579679965789, 1.0348739352319678, 1.0795550951595694, 1.041358284458702, 1.0473309597661953, 1.0543503175254245, 1.0475769964827217, 1.053208934984423, 1.035832265265648, 1.0344695400521655, 1.036528606745758, 1.0729897493164295, 1.0784481430464052, 1.0546062918690986, 1.0656023835591248, 1.0793582386097167, 1.0327795401884563, 1.0399614070916816, 1.0711830431315126, 1.0326946420291494, 1.0637496834378273, 1.0719393314568288, 1.0554354300503996, 1.040691812331867, 1.0697127179110737, 1.0395613687644436, 1.0332899403866735, 1.0630158551580238, 1.0612948092222882, 1.0431206132885276, 1.0511520041396052]
aha:1.1334817528148087, 0.8984674866788202, 0.8517543278994602, 0.8117543278994602, 0.8017543278994602, 0.7917543278994602, 0.7917543278994602, 0.7817543278994602, 0.7817543278994602, 0.7717543278994602, 0.7717543278994602, 0.7617543278994602, 0.7517543278994602, 0.7517543278994602, 0.7517543278994602, 0.7517543278994602, 0.7517543278994602, 0.7517543278994602, 0.7517543278994602, 0.7517543278994602, 0.7517543278994602, 0.7517543278994602, 0.7517543278994602, 0.7517543278994602, 0.7517543278994602, 0.7517543278994602, 0.7517543278994602, 0.7517543278994602, 0.7517543278994602, 0.7517543278994602, 0.7517543278994602, 0.7517543278994602, 0.7517543278994602, 0.7517543278994602, 0.7517543278994602, 0.7517543278994602, 0.7517543278994602, 0.7517543278994602, 0.7517543278994602, 0.7517543278994602, 0.7517543278994602, 0.7517543278994602, 0.7517543278994602, 0.7517543278994602, 0.7517543278994602, 0.7517543278994602, 0.7517543278994602, 0.7517543278994602, 0.7517543278994602, 0.7517543278994602, 0.7517543278994602, 0.7517543278994602, 0.7517543278994602, 0.7517543278994602, 0.7517543278994602, 0.7517543278994602, 0.7517543278994602, 0.7517543278994602, 0.7517543278994602, 0.7517543278994602, 0.7517543278994602, 0.7517543278994602, 0.7517543278994602, 0.7517543278994602, 0.7517543278994602, 0.7517543278994602, 0.7517543278994602, 0.7517543278994602, 0.7517543278994602, 0.7517543278994602, 0.7517543278994602, 0.7517543278994602, 0.7517543278994602, 0.7517543278994602, 0.7517543278994602, 0.7517543278994602, 0.7517543278994602, 0.7517543278994602, 0.7517543278994602, 0.7517543278994602, 0.7517543278994602, 0.7517543278994602, 0.7517543278994602, 0.7517543278994602, 0.7517543278994602, 0.7517543278994602, 0.7517543278994602, 0.7517543278994602, 0.7517543278994602, 0.7517543278994602, 0.7517543278994602, 0.7517543278994602, 0.7517543278994602, 0.7517543278994602, 0.7517543278994602, 0.7517543278994602, 0.7517543278994602, 0.7517543278994602, 0.7517543278994602, 0.7517543278994602]
ga:1.0814899588652622, 1.1363837260492393, 1.0613468614847639, 1.3903921027875992, 1.5051599510256488, 1.126058842187016, 0.8825654845303651, 1.0785723594199141, 1.2835120050699032, 1.1194198269299322, 1.5609985564755657, 1.0259565224070997, 1.6228665811855105, 0.775957042511081, 1.2341176287144957, 1.2833765839587175, 1.4245106570190993, 1.2570512962075446, 1.209139971851506, 1.13921047407069, 1.403406018224274, 1.2129244646796153, 1.2416061789955302, 1.226351333182306, 0.9169759147341114, 0.9970236054188153, 0.8844714115338663, 1.1977447323136, 1.048647630885022, 0.9311049586565758, 0.9339280500404821, 0.8705095856131274, 1.0016120075782242, 0.7039152882904505, 0.832167901422371, 1.0741363850213637, 0.9643485012090383, 0.9670922484671755, 0.8629136056007793, 0.8629136056007793, 0.8324663618101625, 0.8324663618101625, 0.8324663618101625, 0.8324663618101625, 0.8324663618101625, 0.8324663618101625, 0.8324663618101625, 0.8324663618101625, 0.8324663618101625, 0.8324663618101625, 0.8324663618101625, 0.8324663618101625, 0.8324663618101625, 0.8324663618101625, 0.8324663618101625, 0.8324663618101625, 0.8324663618101625, 0.8324663618101625, 0.8324663618101625, 0.8324663618101625, 0.8324663618101625, 0.8324663618101625, 0.8324663618101625, 0.8324663618101625, 0.8324663618101625, 0.8324663618101625, 0.8324663618101625, 0.8324663618101625, 0.8324663618101625, 0.8324663618101625, 0.8324663618101625, 0.8324663618101625, 0.8324663618101625, 0.8324663618101625, 0.8324663618101625, 0.8324663618101625, 0.8324663618101625, 0.8324663618101625, 0.8324663618101625, 0.8324663618101625, 0.8324663618101625, 0.8324663618101625, 0.8324663618101625, 0.8324663618101625, 0.8324663618101625, 0.8324663618101625, 0.8324663618101625, 0.8324663618101625, 0.8324663618101625, 0.8324663618101625, 0.8324663618101625, 0.8324663618101625, 0.8324663618101625, 0.8324663618101625, 0.8324663618101625, 0.8324663618101625, 0.8324663618101625, 0.8324663618101625, 0.8324663618101625, 0.8324663618101625]

第三个实验结果（负载标准差，时延）不同算法不同任务量下
ga(1500):683,7.51;   500:267 3.58;   1000:663,6.18;   2000:842,10.32;      2500:1060,13.27;
psoplus(1500):248,7.23;   500:66,3.44;   1000:168,5.84;   2000:231,10.03;       2500:253,12.79
pso(1500):356,7.83;   500:74,3.51;   1000:232,5.97;        2000:260,10.63;     2500:373,13.04
aha(1500):621,7.21;   500:138,3.37;   1000:473,5.89;  2000:700，10.15;     2500:823,12.75
randon(1500): 1608,8.12;   500:671,3.78;   1000:1208;6.32; 2000:2645,10.75;     2500:3108,13.45
gapso(1500):326,7.50;   500:70,3.45;     1000:204,5.90;   2000:272,10.12;     2500:323,12.86
第四个实验结果（负载标准差，时延）不同算法不同mec量下

mec=4)ga:800，7.80;psoplus:284,7.12;pso:303，7.63;aha:701,7.16;random:2502;8.01;dapso:308,7.34;
mec=5)
mec=6)ga:1109,8.40;psoplus:379,7.91;pso:432,8.32;344,8.11;381,8.71;aha:;random:2913,8.98;dapso:;
91.8，87.1，85.6，
90.1，83,83.1,
89,79.8,80.2
69.6,68.4,65.1,
65.3,64.3,62.3
16.2，17.5，12.1，
15.8，14.2,9.7,
14.7,11.4,9.3
8.9,8.8,8.9,
4.2,8.1,6.5
